id	descendant
0000002	0000002
0000002	0000839
0000009	0000009
0000009	0000017
0000009	0000019
0000014	0000009
0000014	0000014
0000014	0000017
0000014	0000019
0000014	0000021
0000014	0001586
0000017	0000017
0000019	0000019
0000021	0000021
0000022	0000022
0000022	0000024
0000022	0000031
0000024	0000024
0000025	0000025
0000030	0000030
0000031	0000031
0000032	0000030
0000032	0000032
0000032	0000036
0000032	0000045
0000032	0000050
0000032	0000052
0000032	0000068
0000032	0000795
0000032	0000796
0000032	0000807
0000032	0000808
0000032	0001741
0000032	0002050
0000036	0000036
0000036	0000807
0000036	0000808
0000036	0001741
0000042	0000042
0000045	0000045
0000050	0000050
0000052	0000052
0000056	0000056
0000058	0000058
0000058	0000063
0000058	0000064
0000058	0000065
0000063	0000063
0000064	0000064
0000065	0000065
0000068	0000052
0000068	0000068
0000070	0000070
0000080	0000025
0000080	0000080
0000080	0000134
0000108	0000108
0000111	0000111
0000128	0000128
0000131	0000131
0000134	0000134
0000136	0000136
0000137	0000134
0000137	0000137
0000137	0000149
0000139	0000139
0000145	0000145
0000149	0000149
0000159	0000159
0000159	0000177
0000159	0000178
0000159	0000196
0000159	0000214
0000159	0002055
0000163	0000159
0000163	0000163
0000163	0000166
0000163	0000168
0000163	0000172
0000163	0000177
0000163	0000178
0000163	0000182
0000163	0000196
0000163	0000197
0000163	0000198
0000163	0000205
0000163	0000214
0000163	0000216
0000163	0000222
0000163	0000223
0000163	0000224
0000163	0000227
0000163	0000346
0000163	0000675
0000163	0000676
0000163	0000683
0000163	0000690
0000163	0000694
0000163	0000700
0000163	0000706
0000163	0001571
0000163	0001593
0000163	0002055
0000166	0000166
0000168	0000166
0000168	0000168
0000168	0000222
0000172	0000172
0000177	0000177
0000178	0000178
0000178	0000196
0000178	0002055
0000182	0000182
0000196	0000196
0000197	0000197
0000197	0000198
0000198	0000198
0000205	0000205
0000205	0000346
0000214	0000214
0000216	0000216
0000222	0000222
0000223	0000223
0000223	0000224
0000224	0000224
0000227	0000227
0000234	0000159
0000234	0000163
0000234	0000166
0000234	0000168
0000234	0000172
0000234	0000177
0000234	0000178
0000234	0000182
0000234	0000196
0000234	0000197
0000234	0000198
0000234	0000205
0000234	0000214
0000234	0000216
0000234	0000222
0000234	0000223
0000234	0000224
0000234	0000227
0000234	0000234
0000234	0000242
0000234	0000245
0000234	0000250
0000234	0000264
0000234	0000265
0000234	0000267
0000234	0000273
0000234	0000277
0000234	0000287
0000234	0000290
0000234	0000292
0000234	0000295
0000234	0000301
0000234	0000306
0000234	0000309
0000234	0000315
0000234	0000317
0000234	0000320
0000234	0000321
0000234	0000326
0000234	0000339
0000234	0000346
0000234	0000350
0000234	0000383
0000234	0000417
0000234	0000419
0000234	0000420
0000234	0000422
0000234	0000429
0000234	0000433
0000234	0000434
0000234	0000447
0000234	0000451
0000234	0000454
0000234	0000502
0000234	0000503
0000234	0000564
0000234	0000599
0000234	0000606
0000234	0000607
0000234	0000620
0000234	0000630
0000234	0000652
0000234	0000658
0000234	0000661
0000234	0000675
0000234	0000676
0000234	0000683
0000234	0000690
0000234	0000694
0000234	0000700
0000234	0000706
0000234	0000929
0000234	0000930
0000234	0000931
0000234	0000932
0000234	0000933
0000234	0000996
0000234	0001043
0000234	0001092
0000234	0001096
0000234	0001106
0000234	0001126
0000234	0001128
0000234	0001136
0000234	0001144
0000234	0001491
0000234	0001571
0000234	0001593
0000234	0001742
0000234	0001965
0000234	0002009
0000234	0002010
0000234	0002054
0000234	0002055
0000234	0002056
0000242	0000242
0000245	0000245
0000250	0000250
0000264	0000264
0000264	0000265
0000265	0000265
0000267	0000267
0000273	0000273
0000277	0000277
0000287	0000287
0000290	0000290
0000290	0000350
0000290	0000599
0000290	0002056
0000292	0000292
0000295	0000295
0000301	0000301
0000301	0000317
0000306	0000306
0000309	0000309
0000309	0000383
0000315	0000315
0000315	0000502
0000315	0000503
0000315	0000564
0000315	0000620
0000315	0000652
0000315	0000658
0000315	0000661
0000315	0001092
0000315	0001096
0000315	0001126
0000315	0001128
0000315	0001144
0000315	0001491
0000317	0000317
0000320	0000320
0000321	0000321
0000326	0000326
0000326	0002010
0000339	0000339
0000346	0000346
0000350	0000350
0000357	0000357
0000359	0000359
0000359	0000375
0000359	0000376
0000359	0001756
0000359	0001757
0000370	0000370
0000370	0000371
0000370	0000381
0000371	0000371
0000372	0000372
0000375	0000375
0000375	0000376
0000376	0000376
0000381	0000381
0000383	0000383
0000394	0000394
0000395	0000395
0000417	0000417
0000419	0000419
0000419	0000420
0000420	0000420
0000422	0000422
0000429	0000429
0000429	0000454
0000433	0000433
0000433	0000434
0000434	0000434
0000447	0000447
0000451	0000451
0000454	0000454
0000466	0000466
0000468	0000468
0000471	0000471
0000472	0000472
0000479	0000479
0000479	0000493
0000479	0000630
0000479	0000660
0000479	0001095
0000479	0001116
0000479	0001135
0000479	0001136
0000479	0001147
0000479	0001493
0000481	0000481
0000481	0000484
0000481	0000531
0000481	0000584
0000481	0001084
0000481	0001096
0000481	0001119
0000481	0001120
0000481	0001149
0000484	0000484
0000493	0000493
0000502	0000502
0000502	0000503
0000502	0001096
0000503	0000503
0000517	0000517
0000517	0001115
0000517	0001118
0000517	0001134
0000517	0001142
0000525	0000525
0000525	0000555
0000525	0000558
0000525	0001088
0000525	0001089
0000525	0001101
0000531	0000531
0000538	0000538
0000539	0000484
0000539	0000539
0000542	0000542
0000549	0000549
0000549	0000619
0000549	0001137
0000552	0000552
0000555	0000555
0000558	0000558
0000564	0000564
0000576	0000576
0000584	0000584
0000591	0000591
0000594	0000594
0000599	0000599
0000606	0000606
0000606	0000607
0000606	0001106
0000606	0002054
0000607	0000607
0000610	0000610
0000610	0001135
0000617	0000617
0000617	0001151
0000619	0000619
0000620	0000620
0000623	0000623
0000630	0000630
0000630	0001136
0000633	0000633
0000634	0000634
0000642	0000642
0000650	0000650
0000652	0000652
0000658	0000658
0000660	0000660
0000661	0000661
0000667	0000667
0000675	0000675
0000676	0000675
0000676	0000676
0000676	0000690
0000676	0001593
0000683	0000683
0000690	0000690
0000694	0000694
0000700	0000700
0000706	0000706
0000706	0001571
0000710	0000710
0000720	0000720
0000725	0000725
0000727	0000727
0000728	0000728
0000740	0000740
0000743	0000743
0000745	0000745
0000748	0000748
0000748	0000749
0000749	0000749
0000753	0000753
0000756	0000756
0000757	0000757
0000759	0000759
0000759	0000764
0000759	0001067
0000759	0001293
0000759	0001301
0000764	0000764
0000769	0000769
0000775	0000775
0000777	0000777
0000782	0000782
0000782	0000911
0000782	0000918
0000782	0001474
0000791	0000791
0000793	0000793
0000794	0000794
0000795	0000052
0000795	0000068
0000795	0000795
0000795	0000796
0000795	0000807
0000795	0000808
0000796	0000796
0000799	0000799
0000803	0000803
0000804	0000804
0000807	0000807
0000808	0000808
0000811	0000030
0000811	0000032
0000811	0000036
0000811	0000042
0000811	0000045
0000811	0000050
0000811	0000052
0000811	0000056
0000811	0000058
0000811	0000063
0000811	0000064
0000811	0000065
0000811	0000068
0000811	0000795
0000811	0000796
0000811	0000807
0000811	0000808
0000811	0000811
0000811	0001741
0000811	0002050
0000812	0000022
0000812	0000024
0000812	0000030
0000812	0000031
0000812	0000131
0000812	0000134
0000812	0000136
0000812	0000137
0000812	0000139
0000812	0000145
0000812	0000149
0000812	0000812
0000812	0001153
0000812	0001586
0000816	0000816
0000828	0000828
0000828	0000860
0000828	0000867
0000832	0000832
0000834	0000834
0000834	0000849
0000834	0001579
0000834	0001580
0000839	0000839
0000840	0000840
0000841	0000841
0000849	0000849
0000849	0001580
0000857	0000857
0000860	0000860
0000866	0000866
0000867	0000867
0000875	0000875
0000877	0000877
0000886	0000886
0000887	0000887
0000887	0000922
0000892	0000892
0000893	0000893
0000896	0000896
0000897	0000897
0000900	0000900
0000904	0000904
0000905	0000905
0000910	0000910
0000911	0000911
0000913	0000913
0000915	0000915
0000916	0000916
0000917	0000917
0000918	0000918
0000920	0000920
0000922	0000922
0000923	0000923
0000929	0000242
0000929	0000245
0000929	0000250
0000929	0000264
0000929	0000265
0000929	0000267
0000929	0000277
0000929	0000326
0000929	0000929
0000929	0000930
0000929	0000931
0000929	0000932
0000929	0000933
0000929	0002010
0000930	0000930
0000931	0000931
0000932	0000931
0000932	0000932
0000932	0000933
0000933	0000933
0000935	0000935
0000941	0000941
0000947	0000947
0000971	0000971
0000993	0000993
0000996	0000996
0000997	0000997
0000999	0000999
0001001	0001001
0001005	0001005
0001005	0001038
0001005	0001050
0001008	0001008
0001013	0001013
0001014	0001014
0001014	0001071
0001017	0001017
0001018	0001018
0001018	0001042
0001024	0001024
0001026	0001026
0001027	0001027
0001032	0001032
0001033	0001033
0001038	0001038
0001039	0001039
0001040	0001040
0001041	0001041
0001042	0001042
0001043	0001043
0001049	0001049
0001050	0001050
0001054	0001054
0001055	0001055
0001060	0001060
0001062	0001062
0001067	0001067
0001069	0001069
0001070	0001070
0001071	0001071
0001073	0001073
0001074	0001074
0001076	0001076
0001084	0001084
0001088	0001088
0001089	0001089
0001092	0001092
0001093	0001093
0001094	0001094
0001095	0001095
0001096	0001096
0001098	0000479
0001098	0000493
0001098	0000538
0001098	0000610
0001098	0000630
0001098	0000660
0001098	0001093
0001098	0001095
0001098	0001098
0001098	0001099
0001098	0001112
0001098	0001116
0001098	0001135
0001098	0001136
0001098	0001147
0001098	0001493
0001099	0001099
0001101	0001101
0001106	0001106
0001112	0001112
0001115	0001115
0001116	0001116
0001117	0001117
0001118	0001118
0001119	0001119
0001120	0001120
0001125	0001125
0001126	0001126
0001128	0001128
0001129	0001129
0001134	0001134
0001135	0001135
0001136	0001136
0001137	0001137
0001142	0001142
0001144	0001144
0001147	0001147
0001149	0001149
0001151	0001151
0001153	0000145
0001153	0001153
0001178	0001178
0001194	0001194
0001194	0001196
0001196	0001196
0001197	0001194
0001197	0001196
0001197	0001197
0001197	0001557
0001197	0001560
0001197	0001563
0001197	0001787
0001197	0001788
0001197	0001791
0001204	0001204
0001211	0001211
0001215	0001215
0001218	0001218
0001218	0001868
0001220	0001215
0001220	0001220
0001222	0001222
0001223	0001223
0001225	0001225
0001227	0001227
0001230	0001230
0001232	0001232
0001234	0001234
0001241	0001241
0001248	0001248
0001293	0001293
0001301	0001301
0001311	0001311
0001311	0001312
0001311	0001326
0001311	0001340
0001311	0001351
0001312	0001312
0001326	0001326
0001327	0001327
0001340	0001340
0001341	0001341
0001343	0001343
0001345	0001345
0001351	0001351
0001361	0001361
0001384	0001384
0001401	0001401
0001403	0001403
0001404	0001404
0001405	0001405
0001412	0001412
0001430	0001430
0001435	0001435
0001435	0001464
0001436	0001436
0001437	0001430
0001437	0001436
0001437	0001437
0001440	0001440
0001442	0001442
0001444	0001444
0001449	0001449
0001450	0001450
0001452	0001452
0001459	0001459
0001460	0001460
0001460	0001464
0001464	0001464
0001470	0001470
0001470	0001475
0001473	0001473
0001474	0001474
0001475	0001475
0001477	0001477
0001483	0001483
0001489	0001489
0001491	0001491
0001492	0001492
0001493	0001493
0001495	0001495
0001500	0001222
0001500	0001500
0001501	0001501
0001504	0001504
0001530	0001530
0001544	0001544
0001551	0001544
0001551	0001551
0001557	0001557
0001560	0001560
0001560	0001563
0001563	0001563
0001571	0001571
0001574	0000196
0001574	0000214
0001574	0000222
0001574	0000227
0001574	0000434
0001574	0000599
0001574	0000607
0001574	0000971
0001574	0000993
0001574	0000997
0001574	0000999
0001574	0001001
0001574	0001005
0001574	0001008
0001574	0001013
0001574	0001014
0001574	0001017
0001574	0001018
0001574	0001024
0001574	0001026
0001574	0001027
0001574	0001033
0001574	0001038
0001574	0001039
0001574	0001040
0001574	0001041
0001574	0001042
0001574	0001043
0001574	0001050
0001574	0001054
0001574	0001055
0001574	0001060
0001574	0001062
0001574	0001067
0001574	0001069
0001574	0001070
0001574	0001071
0001574	0001073
0001574	0001074
0001574	0001106
0001574	0001128
0001574	0001232
0001574	0001574
0001574	0001809
0001574	0001814
0001574	0001818
0001574	0001821
0001574	0002165
0001574	0002218
0001574	0002219
0001574	0002220
0001574	0002229
0001574	0002232
0001579	0001579
0001580	0001580
0001583	0001583
0001586	0001586
0001593	0001593
0001637	0001637
0001637	0001670
0001637	0001685
0001637	0001700
0001670	0001670
0001683	0001683
0001685	0001685
0001686	0001686
0001691	0001691
0001692	0001692
0001693	0001693
0001693	0001694
0001694	0001694
0001697	0001697
0001700	0001700
0001705	0001705
0001709	0001709
0001710	0001710
0001711	0001691
0001711	0001711
0001713	0001691
0001713	0001711
0001713	0001713
0001713	0001750
0001717	0001717
0001722	0001722
0001727	0001727
0001735	0001735
0001741	0001741
0001742	0001742
0001747	0001747
0001750	0001750
0001756	0001756
0001757	0001757
0001775	0001775
0001780	0001459
0001780	0001780
0001780	0001782
0001780	0001842
0001780	0001844
0001780	0001857
0001780	0001859
0001780	0001870
0001780	0001885
0001780	0001991
0001782	0001782
0001783	0001783
0001785	0001785
0001786	0001786
0001787	0001787
0001787	0001788
0001788	0001788
0001791	0001791
0001809	0001809
0001814	0001814
0001818	0001818
0001821	0001821
0001832	0001440
0001832	0001449
0001832	0001473
0001832	0001783
0001832	0001832
0001832	0001964
0001842	0001842
0001842	0001870
0001844	0001844
0001850	0001775
0001850	0001850
0001853	0001853
0001854	0001854
0001857	0001857
0001859	0001859
0001868	0001868
0001870	0001870
0001872	0001872
0001872	0001905
0001872	0001975
0001877	0001877
0001877	0001898
0001877	0001899
0001877	0001900
0001877	0001908
0001877	0001930
0001877	0001981
0001879	0001879
0001881	0001879
0001881	0001881
0001881	0001911
0001881	0001912
0001881	0001913
0001881	0001982
0001885	0001885
0001886	0001886
0001898	0001898
0001899	0001899
0001900	0001900
0001905	0001905
0001908	0001908
0001911	0001879
0001911	0001911
0001911	0001912
0001911	0001913
0001912	0001912
0001913	0001913
0001917	0001917
0001920	0001920
0001929	0001929
0001930	0001930
0001948	0001948
0001948	0001949
0001948	0001950
0001948	0001960
0001949	0001949
0001949	0001960
0001950	0001950
0001951	0001951
0001953	0001953
0001955	0001955
0001958	0001958
0001960	0001960
0001961	0001961
0001963	0001963
0001964	0001964
0001965	0000599
0001965	0001043
0001965	0001965
0001966	0001966
0001969	0001969
0001975	0001975
0001977	0001727
0001977	0001977
0001978	0001978
0001980	0001980
0001981	0001981
0001982	0001982
0001983	0001983
0001986	0001986
0001991	0001857
0001991	0001885
0001991	0001991
0001995	0001995
0001996	0001996
0002009	0002009
0002010	0002010
0002011	0000839
0002011	0000933
0002011	0001341
0002011	0001343
0002011	0002011
0002011	0002060
0002011	0002074
0002011	0002143
0002011	0002190
0002011	0002195
0002011	0002196
0002012	0001401
0002012	0001403
0002012	0001404
0002012	0001405
0002012	0001412
0002012	0001735
0002012	0001747
0002012	0002012
0002031	0002031
0002034	0002034
0002038	0002038
0002041	0002041
0002048	0002048
0002049	0002049
0002050	0002050
0002054	0002054
0002055	0002055
0002056	0002056
0002060	0000933
0002060	0002060
0002068	0002068
0002074	0002074
0002083	0002083
0002087	0002087
0002088	0002088
0002088	0002108
0002088	0002207
0002108	0002108
0002143	0002143
0002143	0002196
0002152	0002152
0002154	0002154
0002156	0002156
0002157	0002157
0002159	0002159
0002160	0002160
0002161	0002161
0002165	0002165
0002189	0002189
0002190	0002190
0002193	0002193
0002195	0002195
0002196	0002196
0002200	0002193
0002200	0002200
0002203	0002203
0002207	0002207
0002218	0002218
0002219	0002219
0002220	0002220
0002229	0002229
0002232	0002232
